Run semi-empirical minimization
 &qmmm
    qm_theory='AM1', grms_tol=0.0005,
 scfconv=1.d-10, ndiis_attempts=700,   qmcharge=0,
 /
   6    C1       58.9370       50.0960       40.9250 
   7    N1       56.3160       48.9200       42.9530 
   8    O1       58.1380       49.0780       41.6980 
   6    C2       60.1160       50.7080       40.3030 
   8    O2       55.5640       48.8680       40.9040 
   6    C3       61.2070       50.9490       40.9310 
   6    C4       60.9870       50.5320       42.3360 
   6    C5       61.7670       50.9020       43.3670 
   6    C6       62.7780       51.5610       43.0560 
   6    C7       63.0100       52.1260       41.8630 
   6    C8       62.2270       51.8180       40.8160 
   6    C9       56.6210       49.0840       41.6970 
   1   H02       58.7960       51.1760       40.8750 
   1   H03       58.9910       49.4970       40.0160 
   1   H04       57.1940       48.5970       43.3370 
   1   H08       59.9060       51.6120       40.2340 
   1   H09       60.1370       49.8840       42.5480 
   1   H10       61.5310       50.6460       44.3980 
   1   H11       63.5430       51.6880       43.8230 
   1   H12       63.8310       52.8340       41.7420 
   1   H13       62.4230       52.2820       39.8490 

